13
n
0 1 0 0 
0 0 1 0 
1 0 0 0 
0 0 0 1 
0 0 1 0 
1 0 0 0 
0 1 0 0 
0 0 0 1 
0 0 -1 0 
1 0 0 0 
0 -1 0 0 
0 0 0 1 
0 1 0 0 
0 0 -1 0 
-1 0 0 0 
0 0 0 1 
1 0 0 0 
0 -1 0 0 
0 0 -1 0 
0 0 0 1 
0 0 -1 0 
-1 0 0 0 
0 1 0 0 
0 0 0 1 
-1 0 0 0 
0 1 0 0 
0 0 -1 0 
0 0 0 1 
0 -1 0 0 
0 0 1 0 
-1 0 0 0 
0 0 0 1 
0 -1 0 0 
0 0 -1 0 
1 0 0 0 
0 0 0 1 
0 0 1 0 
-1 0 0 0 
0 -1 0 0 
0 0 0 1 
0 1 0 0 
0 0 -1 0 
-1 0 0 0 
0 0 0 1 
0.811745 0.188255 0.811745 -0.59439 
0.188255 0.811745 -0.811745 0.59439 
-0.811745 0.811745 0.188255 0.59439 
-0.59439 0.59439 -0.59439 1.43523 
0.811745 0.188255 -0.811745 0.59439 
0.188255 0.811745 0.811745 -0.59439 
0.811745 -0.811745 0.188255 0.59439 
0.59439 -0.59439 -0.59439 1.43523 
1
0 0 1.07516 1.46832 
0 0 0 1 
-0.59439 0.59439 0.59439 1.43523 
